================ RESTART: C:\Users\ayzat\Downloads\AISD\lab_4.py ===============
Введите K:
2
Введите размерность N матрицы A (не менее 2):
4

Случайно сгенерированная матрица A:
  2  -2   8  -5 
  8   2  -3  -8 
  0  -6   0   1 
  8  -4   0   1 


Матрица E:
  2  -2 
  8   2 


Матрица B:
  8  -5 
 -3  -8 


Матрица D:
  0  -6 
  8  -4 


Матрица C:
  0   1 
  0   1 





Первое число: 0, второе число: -6
Первое число больше, поэтому симметрично меняем области 1 и 3 в подматрице E матрицы F
Получаем следующую матрицу F:
  8   2   8  -5 
  2  -2  -3  -8 
  0  -6   0   1 
  8  -4   0   1 

Умножаем матрицы A и F
-28 -20  22   9 
  4  62  58 -67 
 -4   8  18  49 
 64  20  76  -7 

Транспонируем матрицу A
  2   8   0   8 
 -2   2  -6  -4 
  8  -3   0   0 
 -5  -8   1   1 

Умножаем транспонированную матрицу A на коэффициент -K
 -4 -16   0 -16 
  4  -4  12   8 
-16   6   0   0 
 10  16  -2  -2 

Складываем полученные матрицы
-32 -36  22  -7 
  8  58  70 -59 
-20  14  18  49 
 74  36  74  -9 

